2 0.32389222 0.31510069 0.35112031 0.30461062 0.34060128 0.29180581 0.34175034 0.3067801  0.30741662 0.31636857 
3 0.27443821 0.26837757 0.29944786 0.25630618 0.28156744 0.25145261 0.29713876 0.2610575  0.26536804 0.28429023 
4 0.24672871 0.2451479  0.2669376  0.222174   0.24875107 0.22040662 0.26384985 0.23216074 0.22955435 0.25025197 
5 0.22306858 0.21659641 0.24530004 0.19704117 0.22448664 0.19977638 0.24144082 0.21289937 0.20706372 0.23312568 
6 0.20873303 0.20623528 0.23145217 0.18361463 0.20989579 0.18673576 0.23132475 0.19124883 0.19334759 0.2191843  
7 0.20100416 0.19615637 0.22011172 0.171816   0.19917017 0.17780515 0.22160309 0.18680463 0.18479672 0.21013688 
8 0.19296258 0.18841419 0.20936305 0.16428586 0.19100832 0.16839905 0.21344181 0.17605831 0.17681137 0.20366781  
9 0.18568173 0.18161143 0.2005699  0.1574369  0.1818592  0.16316372 0.20693501 0.168371   0.17101635 0.19777485 
10 0.18067557 0.17383734 0.19200254 0.15083353 0.1762474  0.15621074 0.1985095  0.16165342 0.16325187 0.19110468 
12 0.16672707 0.16032821 0.17493494 0.13887235 0.16452867 0.14287158 0.18508601 0.14961444 0.15122064 0.18029675 
14 0.15569221 0.14708117 0.15966472 0.12880075 0.15311211 0.13255673 0.17576718 0.14032295 0.13991304 0.16909011 
16 0.1438252  0.13762252 0.15130266 0.11996414 0.14515278 0.12344172 0.16783531 0.13222496 0.13305747 0.16025712 
18 0.13628264 0.13125032 0.14641951 0.11430434 0.14034486 0.11844775 0.16437325 0.12699175 0.12803095 0.15475521 
20 0.13008003 0.12762001 0.14419317 0.11053508 0.13817061 0.11475449 0.1636139  0.12325113 0.1255633  0.15134706  
22 0.12797605 0.12616157 0.14248072 0.10850202 0.13708456 0.11328278 0.16254793 0.12107453 0.1247512  0.15009877 
25 0.12646697 0.1259587  0.14239037 0.10752337 0.13710706 0.11244243 0.16137547 0.12088309 0.12480851 0.15047758 
28 0.12666125 0.12648064 0.14244988 0.1073981  0.13770762 0.11242738 0.16306895 0.12050379 0.12538052 0.14987719 
30 0.1262269  0.12659923 0.14270756 0.10739494 0.13775006 0.11229355 0.16289716 0.12047142 0.1257891  0.15004283 
33 0.12666333 0.12631873 0.14286955 0.1073587  0.13788371 0.11279454 0.16100102 0.12059629 0.12547295 0.15055946 
35 0.12661435 0.12659523 0.14266988 0.10735161 0.13765053 0.1123806 0.1638061  0.1204807  0.12558775 0.15041548 
38 0.12621686 0.12627542 0.142972   0.10743107 0.13772164 0.11248503 0.16399394 0.12030058 0.12552682 0.15047728 
40 0.12653089 0.12649108 0.14179441 0.10717965 0.13790839 0.11256762 0.16356864 0.12042529 0.12558386 0.15001808 